1.000000000000000000e+00
4.000000000000000000e+01
1.000000000000000000e+02
1.600000000000000000e+02
2.200000000000000000e+02
2.800000000000000000e+02
3.300000000000000000e+02
3.800000000000000000e+02
4.400000000000000000e+02
4.950000000000000000e+02
5.450000000000000000e+02
6.170000000000000000e+02
6.670000000000000000e+02
7.200000000000000000e+02
8.000000000000000000e+02
8.750000000000000000e+02
9.400000000000000000e+02
1.000000000000000000e+03
1.065000000000000000e+03
1.108000000000000000e+03
1.200000000000000000e+03
1.275000000000000000e+03
1.350000000000000000e+03
1.450000000000000000e+03
1.550000000000000000e+03
1.650000000000000000e+03
1.750000000000000000e+03
1.850000000000000000e+03
1.950000000000000000e+03
2.050000000000000000e+03
2.200000000000000000e+03
2.397000000000000000e+03
2.494000000000000000e+03
2.645000000000000000e+03
2.720000000000000000e+03
2.796000000000000000e+03
2.868000000000000000e+03
2.941000000000000000e+03
3.014000000000000000e+03
3.087000000000000000e+03
3.171000000000000000e+03
3.425000000000000000e+03
3.760000000000000000e+03
4.030000000000000000e+03
4.540000000000000000e+03
4.950000000000000000e+03
5.370000000000000000e+03
5.925000000000000000e+03
6.390000000000000000e+03
6.990000000000000000e+03
7.650000000000000000e+03
8.315000000000000000e+03
8.850000000000000000e+03
9.350000000000000000e+03
9.650000000000000000e+03
1.040000000000000000e+04
1.122000000000000000e+04
1.187000000000000000e+04
1.279000000000000000e+04
1.330000000000000000e+04
1.447000000000000000e+04
1.500000000000000000e+04
1.600000000000000000e+04
1.652800000000000000e+04
1.764900000000000000e+04
1.819800000000000000e+04
1.851800000000000000e+04
2.222200000000000000e+04
2.564100000000000000e+04
2.930800000000000000e+04
3.037600000000000000e+04
3.256200000000000000e+04
3.508700000000000000e+04
3.636300000000000000e+04
4.208700000000000000e+04
5.000000000000000000e+04
6.000000000000000000e+04
7.000000000000000000e+04
8.000000000000000000e+04
9.000000000000000000e+04
1.000000000000000000e+05
