0.000010132500000
0.000016058930248
0.000025451689252
0.000040338209102
0.000063931752881
0.000101325000000
0.000160589302477
0.000254516892520
0.000403382091016
0.000639317528808
0.001013250000000
0.001605893024768
0.002545168925198
0.004033820910158
0.006393175288080
0.010132500000000
0.016058930247675
0.025451689251975
0.040338209101575
0.063931752880800
0.101325000000000
0.160589302476750
0.254516892519750
0.403382091015750
0.639317528808000
1.013250000000000
1.605893024767500
2.545168925197500
4.033820910157500
6.393175288080000
10.132500000000000
16.058930247675001
25.451689251974997
40.338209101574996
63.931752880799998
101.325000000000003
160.589302476749992
254.516892519750002
403.382091015750007
639.317528808000020
1013.250000000000000
